1567
1686
1564
395
391
102
411
1117
1561
1719
1790
134
1767
1911
1592
823
1590
1463
123
334
