211
1483
2880
2307
1878
636
2835
1011
3003
1757
-1
-1
-1
-1
-1
-1
-1
-1
-1
-1
