800
420
74
496
7
894
79
901
63
4
582
11
753
640
320
645
392
527
88
784
