1124
1253
306
82
273
1251
1868
1807
1780
437
1299
883
795
62
595
896
983
1507
904
927
