1571
1567
1108
1089
319
134
1596
1592
1573
384
1561
1594
391
1158
128
323
1591
589
1564
1560
