1564
1112
113
185
801
329
1596
1117
1571
1560
1457
799
323
126
154
809
1108
1687
395
122
