155
252
3282
1713
3394
2762
1383
1184
60
1480
105
4038
1139
1088
2489
3235
3613
1763
2251
810
