119
102
103
44
47
117
5
33
48
45
138
49
55
122
111
109
38
149
65
184
