501
396
606
462
519
2925
47
672
482
670
2268
2837
2794
636
656
26
51
520
32
384
