413
753
749
750
171
610
587
152
744
145
73
364
442
265
104
896
820
776
465
-1
