56
75
149
899
749
0
496
976
936
83
703
49
88
901
33
59
678
179
799
77
