56
3313
49
3426
1082
48
1689
1094
1123
1920
60
1253
52
43
2457
1890
1373
1085
1213
410
