49
959
226
310
30
286
976
254
27
311
344
33
734
397
584
52
811
802
499
207
