26
645
0
616
402
807
226
29
310
410
412
976
566
738
30
799
299
7
1
741
