137
1208
1659
68
1507
139
1678
699
1224
1204
935
138
1677
896
1683
1451
1003
1857
1074
715
