153
584
395
115
608
738
211
634
89
377
412
764
46
124
398
0
894
392
734
790
