2329
5294
4275
3039
2256
533
1535
2268
798
5156
1128
2083
2051
3071
1727
1373
263
909
1397
2095
