395
790
899
656
612
678
616
749
608
179
82
328
79
83
6
63
7
9
81
784
