364
329
1571
1752
323
1125
696
1573
1830
1687
185
1112
767
809
648
334
691
1825
1567
646
